0 0.05776777165363001 0.45909048182806905 0.03274789862575744 0.45823939100269145 0.037592769068965026 0.3158260671099113 0.06261222087846363 0.31667715075591185
0 0.68136220625 0.42578125 0.7511262546874999 0.42578125 0.7511262546874999 0.537109375 0.68136220625 0.537109375
0 0.49067408838880056 0.978515625 0.4069566463180081 0.978515625 0.40695856408740383 0.8359374999999999 0.49067267585508034 0.8359374999999999
0 0.1185988828125 0.5625 0.3627730515625 0.5625 0.3627730515625 0.70703125 0.1185988828125 0.70703125
0 0.68136220625 0.291015625 0.9232109078124999 0.291015625 0.9232109078124999 0.419921875 0.68136220625 0.419921875
0 0.3817592358193451 0.29374389299128595 0.3754357286011327 0.1356063747465499 0.6648499578807332 0.12403296037037552 0.6711749249201375 0.28216895568895767
0 0.9464659140395497 0.2773437500000001 0.6813613361576927 0.27734375000000006 0.6813626911082338 0.07812500000000007 0.9464643048631842 0.07812500000000001
0 0.37702526162831873 0.5483076809945143 0.6560441332034088 0.5572850379775712 0.6472550855507961 0.8304162631880466 0.3682362056470083 0.8214391603058423
0 0.07208927545332244 0.3027344102846622 0.07209031935644816 0.0507809193669809 0.36509798627969303 0.05078260868243194 0.3650989797888542 0.30273366914386535
0 0.3770804435835089 0.5494662070699065 0.37288185024522136 0.29910081857812454 0.6647604358182662 0.29420588548279564 0.6689636567126627 0.5445665678958879
0 0.0737257307408754 0.5588223561215662 0.0658715922401143 0.30928337368383496 0.36594889894490734 0.2998397455051809 0.37380781757974546 0.5493733740708352