0 0.25236641038247853 0.5642925811483327 0.1886232164906687 0.5672717273317992 0.18260205808110186 0.4384350724972194 0.24634403311722508 0.4354559542963631
0 0.6377406549855777 0.5221436990022841 0.7403905562038062 0.5165238996496417 0.7462996905287582 0.6244484622993602 0.6436497947612452 0.630068208435138
0 0.2434677364512936 0.43306609246757755 0.1771012019638647 0.43771889494266975 0.16271776495898393 0.23255369084841898 0.22908295384115718 0.22790093492342278
0 0.6259876833945555 0.3042283229628513 0.7649986079233031 0.29514724536120474 0.7801903447840459 0.5276877501508924 0.6411794350312903 0.5367686909931653
0 0.25390625 0.4484437 0.4375 0.4484437 0.4375 0.6624736484375 0.25390625 0.6624736484375
0 0.625566103899132 0.7050211206908423 0.43291656060364403 0.6955559241279768 0.44347648416919583 0.4807276734826753 0.6361184338344401 0.4901926811429762
0 0.22934539039363244 0.23680517061968728 0.41331883247733003 0.22078028336390595 0.4346583525220922 0.46576071461532526 0.25068493405581194 0.4817853908779218
0 0.6276199486570704 0.5029284677045285 0.43048647763498593 0.5092243770947307 0.42282746583146036 0.26931650351155967 0.6199550970019345 0.26302069035580017
0 0.8528558780420781 0.40343330327640375 0.8329639504097486 0.40243018998562735 0.8361285081841743 0.3396804717990652 0.8560202946265463 0.34068358152316564
0 0.8272016363272314 0.1346241322853131 0.866077286134896 0.13276168402262023 0.8752806270738347 0.3248642427689531 0.8364049786350733 0.3267266785655155
0 0.6376297972786915 0.5220205378388326 0.748290134662966 0.5165835663803156 0.7536998256371135 0.6266782539915663 0.6430394933648813 0.6321151731431385
0 0.45731840256053147 0.694187209025947 0.563853634901534 0.7019190380613897 0.5499259027412791 0.8937915659415807 0.44339068622582545 0.8860599158262639
0 0.8253061259820242 0.31928422218989333 0.6415195329960852 0.323918364045582 0.636031456876367 0.10619630681227012 0.8198151233308408 0.10156220463277345
0 0.8358305909353021 0.3363545528219633 0.7978443148566612 0.5433723455520878 0.5901556779266457 0.5052626968737105 0.6281440660344515 0.29824781359147
0 0.704911637757732 0.31793357819731943 0.6116549839339314 0.7200750558633986 0.10140801290685886 0.6017422203965844 0.194674862737088 0.1996166272370345