0 0.1529442872688378 0.08849918742112795 0.1406938450488724 0.011283734072963715 0.18277090582319033 0.004608102005402727 0.1950213676329895 0.08182353238546045
0 0.3799917365950023 0.9839482431209656 0.3853298090222097 0.8593606953966394 0.49191822575721744 0.8639263659497178 0.4865820973584505 0.9885120602972449
0 0.7650570399238177 0.5522020847780832 0.6893724214791064 0.5187777746228877 0.7637968131413118 0.3502681936947524 0.8394797605466238 0.3836920765670453
0 0.9416490089795388 0.01944832143358495 0.9727169835564382 0.11905333696732374 0.75812821564773 0.1859853693161748 0.7270606230267731 0.08638065920466
0 0.5110656902387518 0.667231253856116 0.5655483842529065 0.8073435789721888 0.43459478434522225 0.8582532811490248 0.38011476463918825 0.7181432101902256
0 0.6053700926255488 0.8219071791935216 0.4815792381735946 0.7561520499216359 0.596233893666863 0.5403426509095104 0.7200194911183644 0.6060960492431037
0 0.07548232211934192 0.5932049738490814 0.2790102132540824 0.553259492423748 0.30989178084325886 0.7105871339260328 0.10636405282536998 0.7505319841940894
0 0.7386406062499999 0.166015625 0.9341631187500001 0.166015625 0.9341631187500001 0.384765625 0.7386406062499999 0.384765625
0 0.5031952779198718 0.47549512352493634 0.5602902837764532 0.649276808815888 0.3179188937573372 0.7288924170470802 0.26082866191256926 0.5551147843743036
0 0.08328559477433828 0.3691610713354019 0.02416900427726887 0.13079087714531987 0.28505222091166615 0.06609139304942427 0.3441702826337405 0.30445967701718163
0 0.5127034796875 0.197265625 0.72777824375 0.197265625 0.72777824375 0.6416015625 0.5127034796875 0.6416015625
0 0.4926825508524644 0.26704679462767933 0.5499333682537326 0.47146998819008035 0.07698186258062378 0.603907139180094 0.019738931103120194 0.3994908018885845