0 0.45619806765262183 0.25597188000783316 0.45151062210334203 0.13646789530788103 0.5477260939939015 0.13269401961904917 0.5524138715179561 0.2521976499659022
0 0.6091173825274154 0.5312645669876317 0.5333632942905524 0.5231336463052997 0.5619569073467119 0.2567590311734003 0.6377086314945473 0.26488982567536895
0 0.5616582196387299 0.25364243813966253 0.554240187517621 0.05695685562804138 0.6934544560415361 0.051706478988538716 0.7008731001409387 0.24839142894173444
0 0.3425569578125 0.265625 0.5476928109375 0.265625 0.5476928109375 0.5078125 0.3425569578125 0.5078125
0 0.5496847287906803 0.25585937500000006 0.45607871905770025 0.25585937500000006 0.45607910726835144 0.13281250000000006 0.5496844143892758 0.13281250000000006
0 0.610601905983799 0.532486140557762 0.5353030470201929 0.524808193189053 0.5624808519354474 0.2582989088874563 0.6377772881666033 0.26597673134388417
0 0.5581421571240526 0.05580841803088108 0.6982170022517948 0.05311344429036795 0.7019873526937772 0.2490814437458496 0.5619125086465147 0.2517764053600707
0 0.10356373125 0.8359375 0.26289255 0.8359375 0.26289255 1 0.10356373125 1
0 0.5636256921875 0.833984375 0.7169796796875 0.833984375 0.7169796796875 1 0.5636256921875 1
0 0.0995805109375 0.548828125 0.2609009390625 0.548828125 0.2609009390625 0.828125 0.0995805109375 0.828125
0 0.5616340828124999 0.541015625 0.7727447656249999 0.541015625 0.7727447656249999 0.822265625 0.5616340828124999 0.822265625
0 0.2728506 0.833984375 0.5536676421875 0.833984375 0.5536676421875 1 0.2728506 1
0 0.27085899062499996 0.265625 0.549684421875 0.265625 0.549684421875 0.8203125 0.27085899062499996 0.8203125