0 0.24933771115763648 0.15913163187449772 0.25310881469113156 0.10008550072166927 0.40222828917228526 0.10960912753775924 0.39845737772805023 0.16865508050220426
0 0.7043920625 0.05859375 0.8523735875 0.05859375 0.8523735875 0.265625 0.7043920625 0.265625
0 0.6913322483801494 0.23980021668211174 0.4203741127385001 0.24993818539702614 0.41415303765347744 0.08363859637245807 0.6851090968469862 0.07350066472367367
0 0.19245590409730085 0.4456533525134707 0.417251144694319 0.4378232007230691 0.4252094737904599 0.6662790759005498 0.20041424650594308 0.6741090751737537
0 0.708133825014329 0.26772933382766056 0.8674249163193508 0.26434178212100445 0.8742536854362015 0.5854322413209238 0.7149625974075207 0.5888197215832365
0 0.7355598735049398 0.595248124036179 0.6637425536414412 0.8582417924502209 0.36800369985996895 0.7774865450059474 0.4398261068421334 0.5145014352417818
0 0.42149175006477435 0.4907691247079022 0.19408242830365907 0.5048340178295715 0.1731804283939482 0.1668355987225 0.4005825263366205 0.15277092010557825
0 0.6988016789347284 0.5659516710061709 0.4296042287039654 0.5731078463512076 0.41977702037104336 0.20321671840391453 0.6889628437694455 0.19606069730748799
0 0.6071741364992249 0.8584836136630696 0.669431334829028 0.8739748820720027 0.6344523158477386 1.0145143886652426 0.5721952328124189 0.9990234374999946
0 0.4832349345349485 0.8159371434707817 0.5600297327612225 0.8417906433637043 0.5080157468987636 0.9962536825719746 0.4312212140122256 0.97040076594587
0 0.24678232743644912 0.14764461505309073 0.27310542684085704 0.03241362685298275 0.42367945241142024 0.06681033937645306 0.3973567095825956 0.18204100066222376
0 0.6920344220591232 0.24181078422535093 0.41886716482781594 0.2501731140514392 0.41366224318267086 0.08010860136906434 0.68682732497291 0.07174630377725649
0 0.8075963642440911 0.29392864461336254 0.634982817581772 0.2100300758433703 0.7679237208068344 -0.06347861638142728 0.9405353058126593 0.02041932508831618
0 0.1910944064946989 0.44367892485665256 0.41813214524631803 0.43577065008549787 0.4262007932892402 0.6673929202781006 0.19916307000210054 0.6753010377590496
0 0.7059616030470579 0.2658685526476834 0.8668752368049581 0.2616464990290613 0.8753552875774631 0.584828625848802 0.7144416598188172 0.5890505904900216
0 0.41829554842445305 0.4921874999999999 0.1815218401814036 0.49218749999999983 0.18152503493888617 0.16210937499999992 0.418291262831076 0.16210937500000003
0 0.7366893498584659 0.5950171063493302 0.663845354382488 0.8617721314260303 0.3656245692641278 0.7803398151087069 0.43847385295885033 0.5135935935447568
0 0.7004659420193775 0.5679435700317343 0.4275627247271814 0.5756013424478704 0.41712162091141636 0.20329632766569064 0.6900127881439175 0.19563872545220357