0 0.7085634812524404 0.21869930212857439 0.7503075983495364 0.22107983088448604 0.7426389710504964 0.35555109059972645 0.7008948547207865 0.3531705759823817
0 0.0049008359375 0.919921875 0.11762005625000001 0.919921875 0.11762005625000001 1 0.0049008359375 1
0 0.698369453834971 0.21289062500000003 0.5635960766868493 0.21289062499999994 0.5635964935833044 0.08203125000000003 0.6983690716779165 0.08203125
0 0.1323225640625 0.91796875 0.3185543203125 0.91796875 0.3185543203125 1 0.1323225640625 1
0 0.0024504171875 0.490234375 0.127421728125 0.490234375 0.127421728125 0.67578125 0.0024504171875 0.67578125
0 0.6958519885878331 0.041247472020562136 0.881641883203315 0.02459797506665774 0.8975012003795655 0.2015699253328649 0.711711312518446 0.21821936841530518
0 0.0024504171875 0.689453125 0.1225208921875 0.689453125 0.1225208921875 0.908203125 0.0024504171875 0.908203125
0 0.6761988614899792 0.6767807285573553 0.6791531392366323 0.8248216337804448 0.4044205658468627 0.8302958012992409 0.4014709971689854 0.6822594059826935
0 0.6957912895328491 0.21967529320090304 0.70062648849796 0.44402397545903177 0.41188154295946333 0.45024335829807655 0.407049768133561 0.2258982288751709
0 0.13477298124999998 0.681640625 0.3920668546875 0.681640625 0.3920668546875 0.90625 0.13477298124999998 0.90625
0 0.682776632242394 0.4490850862845441 0.6846543740782636 0.6698184880139773 0.4068298950122653 0.6721759324899151 0.4049574350677858 0.4514478270916021
0 0.13477298124999998 0.373046875 0.4018685265625 0.373046875 0.4018685265625 0.67578125 0.13477298124999998 0.67578125