0 0.25890183473643447 0.5401635723907886 0.22048660101563655 0.5451518518963402 0.2057498140284224 0.43166817148996517 0.24416442593144438 0.426679931976062
0 0.40204416965866585 0.27691190609150773 0.37267184012273447 0.2352602473501049 0.4650584729331513 0.1701111873220925 0.4944307524342548 0.21176268053721986
0 0.13520205719567002 0.17387050725437395 0.09984323022422359 0.12244340361104727 0.19767313166505573 0.055180482028165855 0.23303194004313355 0.10660748802597737
0 0.43865712599222206 0.7994895566854793 0.3842244358031621 0.8054264270065937 0.35902708298033303 0.5744221725244875 0.41345723937479306 0.5684854383071227
0 0.794921875 0.25138578125 0.849609375 0.25138578125 0.849609375 0.4189763015625 0.794921875 0.4189763015625
0 0.68359375 0.474839809375 0.7890625 0.474839809375 0.7890625 0.635984540625 0.68359375 0.635984540625
0 0.592107379454319 0.889758982312859 0.504358866811458 0.8591466127965829 0.6119021822539708 0.5509443024532973 0.6996449924354238 0.5815555870093352
0 0.5281110812811676 0.22391372126793205 0.6489994458767114 0.21475649989205764 0.6633185244073729 0.403784036545211 0.5424301743800015 0.4129411755613336
0 0.2604986438200285 0.4227319022706841 0.18412497815870665 0.4343025397501126 0.14202185040403492 0.15639747550558922 0.21839363222784414 0.14482698423821885
0 0.66796875 0.2599801671875 0.7890625 0.2599801671875 0.7890625 0.5392977015625 0.66796875 0.5392977015625
0 0.678091054971901 0.6449869584418695 0.5562232218345571 0.6516333320822402 0.5396441627059403 0.347613548375441 0.6615066159090475 0.34096731780285733
0 0.2222298610515736 0.11932216954137849 0.3723908243543974 0.1041558379530662 0.39988792123710937 0.37639911039324286 0.24972698908550228 0.39156528341905167
0 0.4136962478022497 0.46033100639994995 0.5384686439430197 0.45088039045167716 0.5628666809468541 0.7729635842867942 0.4380943219882738 0.7824139090950618
0 0.5403095807159843 0.5216473170586563 0.4128319772004261 0.5292707080963113 0.39418373510522997 0.21741617655547057 0.5216565507146242 0.20979293539836333
0 0.41215065887706714 0.5929905254931039 0.26612114779447893 0.602082010558359 0.24855901010835169 0.3199657830142094 0.39458241404929595 0.3108744965181469