0 0.283342056961601 0.9758010209877829 0.25410837204799464 0.9229697501443196 0.36781576570388097 0.8600668117794882 0.39704950692225793 0.9128971266640483
0 0.3827886542582064 0.7994700169263916 0.4400705170310175 0.7977386879303427 0.44448924814741986 0.9439021454235659 0.38720738735241866 0.9456334408080349
0 0.6086992455567497 0.9688945041645155 0.4907685119328562 0.987607847238076 0.46297021826353557 0.8124450423096552 0.5808954372001836 0.7937321416036611
0 0.38695477629391917 0.5913457542355285 0.36742768254327984 0.7385663802098156 0.1736742021473674 0.7128673762855113 0.19320368762498674 0.5656495844602334
0 0.2562619921875 0.12890625 0.378193103125 0.12890625 0.378193103125 0.333984375 0.2562619921875 0.333984375
0 0.3887051615404289 0.15014122724947754 0.6538946732206341 0.15445808075171524 0.6509687442828636 0.334198847546142 0.3857792334355281 0.32988202327096494
0 0.6489196664194878 0.5546876200422012 0.6489219849446499 0.3339821557556237 0.826651581251781 0.33398447698291606 0.8266519367005003 0.5546872133064623
0 0.36957949558302516 0.5709046559497354 0.1863745971940034 0.5678759240843133 0.19001464575728733 0.34788209193708264 0.37321399975996883 0.35091077848619606
0 0.6747618942509916 0.025531059850422547 0.8782363506513775 0.04063955758571482 0.8565894710776547 0.3321678898845481 0.6531150165639019 0.31705951302484414
0 0.7447711183888259 0.5589281647623924 0.7613185121422248 0.7688968406473813 0.39482720129956306 0.7977635703462519 0.37828820702100074 0.5878025230644743
0 0.6464261894009269 0.3356234652457772 0.6529445919280761 0.5631259028410307 0.3886769440173339 0.5706928008960599 0.38216279955031496 0.34319454428853186