0 0.8207557623420598 0.6526615471403925 0.8496279033980727 0.6871805992049801 0.7549749067655966 0.76633688849586 0.7261032570390853 0.7318182953961985
0 0.48641043628742864 0.5844663766619135 0.530827730254714 0.5959885004540924 0.4896490945934602 0.754709653763919 0.44523187052902813 0.7431877217134104
0 0.5265834936989222 0.657433650714965 0.5901535869626287 0.6932980371718548 0.5210523545838441 0.815760391256521 0.45748266275290916 0.7798965701017292
0 0.26895990084790355 0.4897703462560576 0.3293602347559954 0.48412406648453155 0.352071356219426 0.7270483377361875 0.29167103924191906 0.7326944896169424
0 0.25847745261808086 0.3626115222987952 0.14929716712128993 0.3800963484552306 0.0963505634407511 0.04948097605710716 0.20552867239609895 0.031996323044774344
0 0.4007234940748958 0.335450168320809 0.4927203690913302 0.34103283670875884 0.46722809769119067 0.7610874400335501 0.37523122973766476 0.7555049667692836
0 0.5889524889518043 0.706521469307711 0.5060335470715245 0.6402338285921982 0.7808705878737783 0.2964725761471266 0.8637860717470858 0.36275806031773267
0 0.2399434608574893 0.13071289771578357 0.3717402922806059 0.11551631921370205 0.4319890484611051 0.638025026155626 0.3001923457630937 0.6532211627771427
0 0.5354043034672031 0.6130845486793924 0.2936271553895722 0.42925232729966495 0.5046970625014637 0.15167188197600145 0.746467903404664 0.33550048002505956
0 0.6573307169768441 0.776305801825751 0.5417300094452457 0.6142003597222534 0.9095690278461461 0.3519108349706873 1.0251682564777411 0.5140105272204167
0 0.02397350509613716 0.25313767376049573 0.2010479929125495 0.2089932471530787 0.3143965996365523 0.6636413111511302 0.1373226577368314 0.7077843070728344