1 0.13718784581635646 0.41576211933690554 0.008919824915096797 0.4232077440914278 -0.003961722560916314 0.20126959675918132 0.12430385303935054 0.19382403856446845
1 0.1295835653670565 0.2015131765965873 0.2095334197174452 0.19706176801760664 0.22545907782546237 0.48308716781165373 0.14550922992452797 0.48753850972397206
1 0.8920189952175406 0.09226278234370178 1.0350855099626415 0.7872732715740854 0.31754521525067503 0.9349235736112685 0.17452448033850487 0.2399539285786251
1 0.22688699830791847 0.2017262063942583 0.26115353098794003 0.202859366517535 0.2518619327945544 0.48382665250090884 0.21759540096684304 0.48269350924644017
1 0.1392724206702951 0.4127443314158614 0.011747953437748038 0.42240865319222576 -0.005080625444747966 0.20033362272457683 0.12244147030185104 0.19066938412906287
1 0.130859375 0.19972931875 0.212890625 0.19972931875 0.212890625 0.48751134531250007 0.130859375 0.48751134531250007
1 0.2836231607384434 0.19054865791318534 0.5189532161163015 0.2094313381342167 0.47470579812045344 0.7608447939195107 0.23937584794862232 0.7419628605428646
1 0.9914357901068342 0.5876395352899741 0.5617070239488839 0.6758831262585513 0.4600915831495058 0.18101094231096454 0.8897958755885611 0.09276994683352031
1 0.4560056850212959 0.6921507297116896 0.4233682080948711 0.6805375204127744 0.4770209592967376 0.5297726310109764 0.5096575660534199 0.5413856719169138
1 0.511766771566613 0.6044397787410315 0.5747003696219508 0.6304515501736381 0.523226628173461 0.7549711933941549 0.460293233517973 0.7289597845627812
1 0.22679587256334344 0.20371123843558736 0.2610252086547007 0.20473182880496046 0.25241739123691787 0.49341836228007957 0.21818805606494607 0.49239778744599494
1 0.137436597313922 0.413269238358853 0.009633550685634873 0.42137796916195236 -0.0043071268770518145 0.20163456836004426 0.12349342361892468 0.19352591397285598
1 0.21093749228123215 0.19972920337411038 0.21093803019437019 0.4853638962436668 0.13085873767079192 0.485363327616174 0.13085940169582955 0.19972987404738912
1 0.47412624057085395 0.9008877839293882 0.23336198114600393 0.8871380658592893 0.2730590149719774 0.19240139810177934 0.5137970087556596 0.2061503928401146
1 0.4564200711683952 0.18951767896153449 0.888202914376734 0.09135313615655091 0.9994539203398745 0.5806854147522286 0.5676719995763051 0.6788471224389109